
0 0 0 0 0 0 0 0 0 0 0 0 0 0 0 0 0 0 0 0 0 0 0 0 0 0 0 0 0 0 0 0 0 0 0 0 0 0 0 0 0 0 0 0 0 0 
0 0 0 0 0 0 0 0 0 0 0 0 0 0 0 1048575 0 0 0 0 0 0 0 0 0 0 0 0 0 0 0 0 0 1048575 0 0 0 0 0 0 0 0 0 0 0 0 
0 0 0 0 0 0 0 0 0 0 0 0 0 0 0 1048575 0 0 0 0 0 0 0 0 0 0 0 0 0 0 0 0 0 1048575 0 0 0 0 0 0 0 0 0 0 0 0 
0 0 0 0 0 0 0 0 0 0 0 0 0 0 1048575 1048575 1048575 0 0 0 0 0 0 0 0 0 0 0 0 0 0 0 1048575 1048575 1048575 0 0 0 0 0 0 0 0 0 0 0 
0 0 0 0 0 0 0 0 0 0 0 0 0 0 1048575 1048575 1048575 0 0 0 0 0 0 0 0 0 0 0 0 0 0 0 1048575 1048575 1048575 0 0 0 0 0 0 0 0 0 0 0 
0 0 0 0 0 0 0 0 0 0 0 0 1048575 1048575 1048575 1048575 1048575 1048575 1048575 0 0 0 0 0 0 0 0 0 0 0 1048575 1048575 1048575 1048575 1048575 1048575 1048575 0 0 0 0 0 0 0 0 0 
0 0 0 0 0 0 0 0 0 0 0 0 1048575 1048575 1048575 1048575 1048575 1048575 1048575 0 0 0 0 0 0 0 0 0 0 0 1048575 1048575 1048575 1048575 1048575 1048575 1048575 0 0 0 0 0 0 0 0 0 
0 0 0 0 0 0 0 0 0 0 0 0 1048575 1048575 1048575 1048575 1048575 1048575 1048575 1048575 0 0 0 0 0 0 0 0 0 0 1048575 1048575 1048575 1048575 1048575 1048575 1048575 1048575 0 0 0 0 0 0 0 0 
0 0 0 0 0 0 0 0 0 0 0 1048575 1048575 1048575 1048575 0 1048575 1048575 1048575 1048575 0 0 0 0 0 0 0 0 0 1048575 1048575 1048575 1048575 0 1048575 1048575 1048575 1048575 0 0 0 0 0 0 0 0 
0 0 0 0 0 0 0 0 0 0 0 1048575 1048575 1048575 1048575 0 0 1048575 1048575 1048575 0 0 0 0 0 0 0 0 0 1048575 1048575 1048575 1048575 0 0 1048575 1048575 1048575 0 0 0 0 0 0 0 0 
0 0 0 0 0 0 0 0 0 0 0 1048575 1048575 1048575 1048575 0 0 1048575 1048575 1048575 0 0 0 0 0 0 0 0 0 1048575 1048575 1048575 1048575 0 0 1048575 1048575 1048576 0 0 0 0 0 0 0 0 
0 0 0 0 0 0 0 0 0 0 1048575 1048575 1048575 1048575 0 0 0 1048575 1048575 1048575 1048575 0 0 0 0 0 0 0 1048575 1048575 1048575 1048575 0 0 0 1048575 1048575 1048575 1048575 0 0 0 0 0 0 0 
0 0 0 0 0 0 0 0 0 0 1048576 1048575 1048575 1048575 0 0 0 1048575 1048575 1048575 1048575 0 0 0 0 0 0 0 1048575 1048575 1048575 1048575 0 0 0 1048575 1048575 1048575 1048575 0 0 0 0 0 0 0 
0 0 0 0 0 0 0 0 1048575 1048575 1048575 1048575 0 0 0 0 0 0 0 1048575 1048575 1048575 1048575 0 0 0 1048575 1048575 1048575 1048575 0 0 0 0 0 0 0 1048575 1048575 1048575 0 0 0 0 0 0 
0 0 0 0 0 0 0 0 1048575 1048575 1048576 1048575 0 0 0 0 0 0 0 1048575 1048575 1048575 1048575 0 0 0 1048575 1048575 1048575 1048575 0 0 0 0 0 0 0 1048575 1048575 1048575 0 0 0 0 0 0 
0 0 0 0 0 0 0 0 1048575 1048575 1048575 0 0 0 0 0 0 0 0 0 1048575 1048575 1048575 1048575 0 1048575 1048575 1048575 1048575 0 0 0 0 0 0 0 0 0 1048575 1048575 1048575 1048575 0 0 0 0 
0 0 0 0 0 0 0 1048575 1048575 1048575 1048576 0 0 0 0 0 0 0 0 0 1048575 1048575 1048576 1048575 0 1048575 1048575 1048575 1048575 0 0 0 0 0 0 0 0 0 1048575 1048575 1048575 1048575 0 0 0 0 
0 0 0 0 0 0 0 1048576 1048575 1048575 1048576 0 0 0 0 0 0 0 0 0 0 1048575 1048576 1048575 1048575 1048575 1048576 1048576 0 0 0 0 0 0 0 0 0 0 1048576 1048575 1048576 1048575 0 0 0 0 
0 0 0 0 0 0 1048575 1048575 1048575 1048575 0 0 0 0 0 0 0 0 0 0 0 1048575 1048575 1048575 1048575 1048575 1048575 1048575 0 0 0 0 0 0 0 0 0 0 0 1048575 1048575 1048575 1048575 0 0 0 
0 0 0 0 0 0 1048575 1048575 1048575 1048575 0 0 0 0 0 0 0 0 0 0 0 0 0 1048575 1048575 1048575 1048575 1048575 0 0 0 0 0 0 0 0 0 0 0 1048575 1048575 1048575 1048575 0 0 0 
0 0 0 0 0 1048576 1048575 1048575 0 0 0 0 0 0 0 0 0 0 0 0 0 0 0 1048575 1048575 1048575 0 0 0 0 0 0 0 0 0 0 0 0 0 0 1048576 1048575 1048575 1048575 0 0 
0 0 0 0 0 1048575 1048575 1048575 0 0 0 0 0 0 0 0 0 0 0 0 0 0 0 1048575 1048575 1048575 0 0 0 0 0 0 0 0 0 0 0 0 0 0 1048575 1048575 1048575 1048575 0 0 
0 0 0 0 0 1048576 1048575 1048576 0 0 0 0 0 0 0 0 0 0 0 0 0 0 0 1048575 1048575 1048575 0 0 0 0 0 0 0 0 0 0 0 0 0 0 1048576 1048575 1048575 1048575 0 0 
0 0 0 0 0 1048576 1048575 0 0 0 0 0 0 0 0 0 0 0 0 0 0 0 0 0 1048575 0 0 0 0 0 0 0 0 0 0 0 0 0 0 0 0 0 1048575 1048575 1048575 1048575 
0 0 0 0 0 0 0 0 0 0 0 0 0 0 0 0 0 0 0 0 0 0 0 0 0 0 0 0 0 0 0 0 0 0 0 0 0 0 0 0 0 0 0 0 0 0 
0 0 0 0 0 0 0 0 0 0 0 0 0 0 0 0 0 0 0 0 0 0 0 0 0 0 0 0 0 0 0 0 0 0 0 0 0 0 0 0 0 0 0 0 0 0 